0 -> (0,0) (0,0)
1 -> (1,0) (0,0)
2 -> (2,0) (0,0)
3 -> (0,0) (1,0)
4 -> (1,0) (1,0)
5 -> (2,0) (1,0)
6 -> (0,0) (2,0)
7 -> (1,0) (2,0)
8 -> (2,0) (2,0)
9 -> (0,0) (0,1)
10 -> (1,0) (0,1)
11 -> (2,0) (0,1)
12 -> (0,0) (1,1)
13 -> (1,0) (1,1)
14 -> (2,0) (1,1)
15 -> (0,0) (2,1)
16 -> (1,0) (2,1)
17 -> (2,0) (2,1)
18 -> (0,0) (0,2)
19 -> (1,0) (0,2)
20 -> (2,0) (0,2)
21 -> (0,0) (1,2)
22 -> (1,0) (1,2)
23 -> (2,0) (1,2)
24 -> (0,0) (2,2)
25 -> (1,0) (2,2)
26 -> (2,0) (2,2)
27 -> (0,0) (0,3)
28 -> (1,0) (0,3)
29 -> (2,0) (0,3)
30 -> (0,0) (1,3)
31 -> (1,0) (1,3)
32 -> (2,0) (1,3)
33 -> (0,0) (2,3)
34 -> (1,0) (2,3)
35 -> (2,0) (2,3)
36 -> (0,0) (0,4)
37 -> (1,0) (0,4)
38 -> (2,0) (0,4)
39 -> (0,0) (1,4)
40 -> (1,0) (1,4)
41 -> (2,0) (1,4)
42 -> (0,0) (2,4)
43 -> (1,0) (2,4)
44 -> (2,0) (2,4)
45 -> (0,1) (0,0)
46 -> (1,1) (0,0)
47 -> (2,1) (0,0)
48 -> (0,1) (1,0)
49 -> (1,1) (1,0)
50 -> (2,1) (1,0)
51 -> (0,1) (2,0)
52 -> (1,1) (2,0)
53 -> (2,1) (2,0)
54 -> (0,1) (0,1)
55 -> (1,1) (0,1)
56 -> (2,1) (0,1)
57 -> (0,1) (1,1)
58 -> (1,1) (1,1)
59 -> (2,1) (1,1)
60 -> (0,1) (2,1)
61 -> (1,1) (2,1)
62 -> (2,1) (2,1)
63 -> (0,1) (0,2)
64 -> (1,1) (0,2)
65 -> (2,1) (0,2)
66 -> (0,1) (1,2)
67 -> (1,1) (1,2)
68 -> (2,1) (1,2)
69 -> (0,1) (2,2)
70 -> (1,1) (2,2)
71 -> (2,1) (2,2)
72 -> (0,1) (0,3)
73 -> (1,1) (0,3)
74 -> (2,1) (0,3)
75 -> (0,1) (1,3)
76 -> (1,1) (1,3)
77 -> (2,1) (1,3)
78 -> (0,1) (2,3)
79 -> (1,1) (2,3)
80 -> (2,1) (2,3)
81 -> (0,2) (0,0)
82 -> (1,2) (0,0)
83 -> (2,2) (0,0)
84 -> (0,2) (1,0)
85 -> (1,2) (1,0)
86 -> (2,2) (1,0)
87 -> (0,2) (2,0)
88 -> (1,2) (2,0)
89 -> (2,2) (2,0)
90 -> (0,2) (0,1)
91 -> (1,2) (0,1)
92 -> (2,2) (0,1)
93 -> (0,2) (1,1)
94 -> (1,2) (1,1)
95 -> (2,2) (1,1)
96 -> (0,2) (2,1)
97 -> (1,2) (2,1)
98 -> (2,2) (2,1)
99 -> (0,2) (0,2)
100 -> (1,2) (0,2)
101 -> (2,2) (0,2)
102 -> (0,2) (1,2)
103 -> (1,2) (1,2)
104 -> (2,2) (1,2)
105 -> (0,2) (2,2)
106 -> (1,2) (2,2)
107 -> (2,2) (2,2)
108 -> (0,3) (0,0)
109 -> (1,3) (0,0)
110 -> (2,3) (0,0)
111 -> (0,3) (1,0)
112 -> (1,3) (1,0)
113 -> (2,3) (1,0)
114 -> (0,3) (2,0)
115 -> (1,3) (2,0)
116 -> (2,3) (2,0)
117 -> (0,3) (0,1)
118 -> (1,3) (0,1)
119 -> (2,3) (0,1)
120 -> (0,3) (1,1)
121 -> (1,3) (1,1)
122 -> (2,3) (1,1)
123 -> (0,3) (2,1)
124 -> (1,3) (2,1)
125 -> (2,3) (2,1)
126 -> (0,4) (0,0)
127 -> (1,4) (0,0)
128 -> (2,4) (0,0)
129 -> (0,4) (1,0)
130 -> (1,4) (1,0)
131 -> (2,4) (1,0)
132 -> (0,4) (2,0)
133 -> (1,4) (2,0)
134 -> (2,4) (2,0)
